# Created by Octave 4.0.0, Wed Oct 14 19:34:02 2015 Eastern Daylight Time <unknown@GS15631>
# name: XTrain
# type: matrix
# rows: 91
# columns: 1
 1
 1.1
 1.2
 1.3
 1.4
 1.5
 1.6
 1.7
 1.8
 1.9
 2
 2.1
 2.2
 2.3
 2.4
 2.5
 2.6
 2.7
 2.8
 2.9
 3
 3.1
 3.2
 3.3
 3.4
 3.5
 3.6
 3.7
 3.8
 3.9
 4
 4.1
 4.2
 4.300000000000001
 4.4
 4.5
 4.6
 4.7
 4.800000000000001
 4.9
 5
 5.100000000000001
 5.2
 5.3
 5.4
 5.5
 5.600000000000001
 5.7
 5.800000000000001
 5.9
 6
 6.100000000000001
 6.2
 6.300000000000001
 6.4
 6.5
 6.600000000000001
 6.7
 6.800000000000001
 6.9
 7
 7.100000000000001
 7.2
 7.300000000000001
 7.4
 7.5
 7.600000000000001
 7.7
 7.800000000000001
 7.9
 8
 8.100000000000001
 8.199999999999999
 8.300000000000001
 8.4
 8.5
 8.600000000000001
 8.699999999999999
 8.800000000000001
 8.9
 9
 9.1
 9.200000000000001
 9.300000000000001
 9.4
 9.5
 9.6
 9.700000000000001
 9.800000000000001
 9.9
 10