# name: yTrain
# type: matrix
# rows: 91
# columns: 1
 0.2648170924609161
 2.725043996348946
 -0.2586797752830521
 1.234780411665807
 0.05530281471597948
 0.6207720913886972
 0.1910087144935626
 -0.3122109974663199
 -0.4310807969454682
 0.937618130400611
 -1.679920254947743
 1.165929958991734
 0.08650830899785916
 -0.1243033691942342
 -0.5377300719879878
 0.5133684738366242
 -1.428201393817682
 0.31243786599128
 2.255198267527396
 -0.8275202464244764
 -1.616332134191127
 -0.5591412138459999
 0.2980462485908443
 -0.2281328246106338
 -0.4488735589227102
 -1.212072568714909
 1.298241059450583
 0.5081899171313922
 -0.4442889303149453
 1.297092665581164
 0.9723356911158749
 0.7997625644031436
 0.7398553382614048
 1.69568828849509
 0.5565993595553242
 -0.2290550440320356
 1.911265167595628
 -0.4336854437716784
 2.076130706308429
 3.592489537568433
 -1.224025746441988
 2.012906590474552
 1.291886220950413
 0.6913157174531681
 2.361461366318136
 1.476468470854153
 1.136447611298316
 -0.3450459868763702
 2.327481433604484
 -0.1049971880740834
 1.213958235235371
 1.106740955221558
 0.2619374507256009
 0.2734894726294759
 1.225911248562983
 0.816172047004778
 1.948459180932366
 1.90583432002538
 0.5125655854377861
 2.7757279368737
 1.23633430470254
 0.8734515638503385
 -1.136889671278319
 1.184922650445314
 3.828218082907305
 2.434869243695851
 1.753839280196224
 1.382789172312242
 1.712064978882158
 1.628008285806595
 3.427817935307454
 1.022481712371479
 1.821340045241992
 1.855890497749081
 1.705332842086209
 2.986737575759666
 3.641769102286203
 1.765864788043521
 0.8547095732003124
 0.977421936666254
 1.763435350736264
 1.404147084511094
 1.974254268631798
 3.418668609409752
 0.3128943444625163
 1.932253946344589
 1.119488914932446
 0.5479332697792709
 2.652712508262117
 1.943815155482128
 0.1387790186992985